    2    6    4
 47.880 16.000
    1    1  1.0000  0.0000  0.0000
-15.779024   5.723273   0.000000
 14.061243   0.000494   0.000000
  2.201415  -1.795910   0.000000
  2.202220  -1.795469   0.000000
 -1.341779  -1.066724   0.000000
 -1.344075  -1.065664   0.000000
    1    2  0.0000  0.0000  1.0000
 -0.000000  -0.000000  -0.846636
 -0.000000  -0.000000   0.321855
  0.001646  -0.001646   0.339323
 -0.001646   0.001646   0.339323
  0.000253   0.000253  -0.076932
 -0.000253  -0.000253  -0.076932
    3    1  1.0000  0.0000  0.0000
  2.201641  -1.793559   0.000000
 -1.340877   1.065758   0.000000
-11.107591   5.979545   0.000000
  5.620860  -5.251180   0.000000
  5.421536   0.970952   0.000000
 -0.795569  -0.971516   0.000000
    3    2  0.0000  0.0000  1.0000
  0.004665  -0.004665   0.340048
  0.000135  -0.000135  -0.075263
 -0.004464   0.004464  -7.728823
 -0.000588   0.000588   3.654718
 -0.000064  -0.000316   1.904659
  0.000316   0.000064   1.904659
